8281
7828
2179
2429
1247
7796
4739
6409
5299
6170
12474
3983
11615
15319
5735
3503
1935
4089
3685
3471
8431
7252
14111
940
12921
10927
2826
3448
4558
1179
7052
4906
1713
7247
14599
16212
10568
9161
1457
12109
3388
9268
176
7715
13944
11229
12947
9115
5659
15827
4460
14921
12532
12430
4744
9157
11261
3651
4791
6693
8438
1199
139
882
13081
15519
6026
1169
14585
14571
9111
10798
12875
3439
10784
4838
8164
12828
7372
4718
5962
5548
4741
622
9734
3068
11529
14961
1326
3260
14858
9077
4126
10164
10628
14800
10074
8193
2405
3383
10356
12833
6321
14603
2169
10681
2765
310
6486
14723
7064
12855
9706
9321
8133
5117
12179
9331
6432
7117
4501
1869
12142
13313
12447
1106
10227
11938
6461
189
858
14696
3523
3277
7763
2006
574
7714
8593
3266
16014
9297
13325
5952
11286
7976
14248
7235
13437
14729
5780
10633
8897
3667
15874
9651
7422
84
13152
14598
15592
12336
6870
3394
3049
5060
4795
9653
13589
8525
775
7830
12751
6156
7682
15184
3935
671
7670
10062
16297
6087
8958
1155
11121
3613
8418
9054
11217
15595
12949
2722
11170
7118
13208
12212
7004
5031
12317
6004
5603
303
1350
6731
12628
2898
8022
9511
14904
3200
3571
7466
1195
10274
12531
8490
2585
12820
6682
3843
9084
4396
3980
3973
3907
4007
12382
3995
5703
4363
8169
16190
12651
8461
1122
1440
9513
6104
10946
767
11510
15334
2958
5015
5998
5270
7585
12834
1866
9486
16234
15390
13828
5242
10718
357
182
16199
9940
8006
10743
13092
4474
15193
8807
16276
490
1740
3743
10598
7542
9848
4614
5926
7073
14477
267
13801
14717
14990
3463
12260
14650
3196
6635
5679
4267
15930
15041
7450
2694
14189
1013
3403
6109
11572
3629
2310
12627
4202
9494
16003
8874
1092
12699
6274
2938
12038
610
13630
590
9757
12013
8152
5718
10315
11701
5701
1101
1264
11204
3945
14877
11951
1238
11953
10120
14874
12761
5481
4621
15274
11492
2560
5604
11857
15102
6916
4681
16198
16188
13488
5208
431
5346
13465
14275
5793
3975
4049
247
5560
12980
13646
1258
15094
9530
6502
387
4248
3977
10220
4444
10722
14681
15407
15379
7609
1181
16178
1454
6503
10135
2736
15088
8367
692
15753
9877
3764
3486
6892
11247
3497
10638
3152
14590
108
6227
15452
8915
4732
14517
2088
15386
7401
158
12362
6030
14754
11439
2065
1501
10765
8647
6575
8116
15962
13853
3860
1513
2659
16064
2716
13617
5171
409
8394
9519
16310
10125
5316
8111
11867
1947
4290
2368
405
13530
13188
5864
6803
14048
3911
7605
5405
4817
5966
5878
13243
11841
14707
1490
6780
5969
7493
1448
2039
9824
370
9938
2851
3368
12729
2461
14137
6688
4292
13173
12425
5195
4426
7569
5077
4355
14777
9375
9043
9424
4013
13377
1016
13690
12311
4395
10931
12515
11947
3214
851
10351
1429
10084
10755
9497
13881
2493
4764
9267
9524
9278
199
3726
12251
11717
210
9523
12659
3229
8868
12489
1164
2074
11984
1355
12835
1668
9215
6019
2882
4787
5009
6577
14925
5942
2985
7537
1449
7745
3062
11389
10358
13507
8162
6555
12232
11929
8936
5262
10290
4286
10109
2572
4567
12767
1528
9855
10480
7639
6717
12086
3150
13878
6874
4358
15888
16288
7768
12369
15164
1698
7034
9800
784
6111
133
4606
8255
12905
14580
14895
4101
3209
3429
905
1644
3804
2871
10758
4160
237
5126
10483
14157
11070
6986
2629
8516
12041
6557
2755
6566
11847
546
3103
4256
11541
11519
11167
2047
10482
3127
16368
7726
11117
10567
1867
9658
8617
4208
2545
1422
11607
8217
561
5018
5228
4140
448
16117
13570
10669
11972
10411
356
6845
7780
2878
396
5594
4226
10614
5233
11360
4818
14516
6197
1147
11338
6657
12402
996
4372
9338
11736
10476
11669
8813
1011
8668
727
8291
7361
12969
11695
1767
4128
4478
14335
4988
15140
11126
15944
11399
591
5114
11353
9070
3719
14095
4709
7618
10721
10565
13469
5710
10607
9307
4453
14196
14301
4894
1237
5565
7486
1517
16033
11819
378
3245
9231
7675
13359
9298
13066
7804
9735
1268
12339
9569
10813
11925
9483
15568
3073
14819
4301
280
9625
11184
1923
15025
7951
1251
7201
3696
11851
10395
11589
9906
3322
16136
550
10808
7046
12976
15220
11003
12859
14480
2290
5501
11554
2946
12352
1156
13390
5708
9479
13497
9841
3665
14543
137
14068
7806
5717
14750
5006
3558
11235
8251
8283
2776
10017
1406
6664
8183
12942
11262
6659
5240
10003
12948
7977
11494
12581
12150
801
14098
9556
2256
14847
5007
4310
10329
1345
11641
1254
1128
9409
13374
1043
10874
3602
8698
7697
14108
8229
1568
15054
11150
6871
4348
3024
7648
519
2148
13250
3815
895
651
250
13592
11179
9439
6278
12871
3618
14726
1805
2673
12102
4108
12429
2559
3565
7752
11094
15374
14998
6589
3430
2853
783
7604
7987
13632
13013
15291
11521
2053
15010
16186
12596
11633
8351
1958
9652
9983
10510
12712
3919
12846
13991
12850
1370
4390
5479
9619
2297
12270
856
341
9154
8761
13578
11928
9697
2872
4377
9900
13585
14408
5505
10670
4613
3706
9193
14915
371
5729
8784
14354
3015
16267
3877
14529
6933
15666
15861
4384
2595
18
114
5283
7610
4192
6032
9214
12284
7962
14063
10996
13577
10311
15964
1288
12010
10827
4409
8207
2443
4125
1384
5420
12174
10701
8846
14414
4247
7381
15058
1514
3996
899
2341
4016
4021
12686
2617
14147
6418
10212
14473
9327
15365
13745
10265
13106
9681
115
12452
3284
9447
2841
9501
11829
3094
12547
1483
13251
9163
11008
1810
4982
12449
14680
1573
7248
1547
16049
799
13598
14504
11503
9007
12726
701
14575
16258
10750
9371
8899
10254
9104
6641
5684
12428
15522
12957
12390
16
13040
6770
11059
5186
13113
15405
12754
11447
15576
8112
13604
5530
8631
14032
13610
11201
937
943
13099
5264
5977
15890
7972
6219
12400
15051
10506
10407
2099
6352
8004
11652
13998
13493
9437
2448
13735
5281
15815
13635
15677
8072
3308
5424
15695
5819
3546
11688
8534
15116
11828
12998
3987
14261
11047
13606
12711
15728
9680
9545
15026
7281
9430
10720
15271
14675
7096
1871
10949
11397
13948
14773
14355
644
7924
9830
15141
1901
5227
4722
6737
8454
2209
2597
9670
12586
7562
14208
10228
15697
15712
13032
1719
2303
11363
521
15507
2913
12695
4702
10742
4329
9329
6858
1163
7943
13535
2577
15145
14097
9241
7492
736
15024
9254
6561
10252
1231
15840
6298
12616
10547
4610
11131
12391
13963
3942
14526
2535
7200
1736
297
10059
5200
4578
6818
7030
9120
4860
14531
6769
14809
3490
616
11906
13161
15330
7702
12258
4281
3481
14110
14678
15976
9128
1956
9538
3903
4123
6301
15916
4872
10491
14358
2753
2114
12973
5245
6400
14666
11005
1468
917
3492
5556
16177
9507
12742
4834
11270
8036
261
8080
877
10291
16341
11064
16119
13982
14636
15665
6978
8937
3708
14284
1835
2977
13039
11414
7060
10821
709
16140
4129
14758
2131
16152
3113
5814
5920
3596
938
12125
464
16229
10399
7868
4210
10563
10680
9385
3021
10267
11837
11645
10608
5766
13020
15346
5511
6705
185
11800
16009
9020
13816
7224
15155
6340
7226
4617
1495
1061
4486
4119
8677
13312
13362
122
10430
1488
12370
10485
8548
5804
7478
15428
1562
6261
6666
7018
12432
5334
602
11733
717
7158
13404
3433
15384
14605
15135
5887
3227
6811
8988
1788
12964
4735
11632
5476
13309
1433
10847
12027
1202
2456
12831
10068
5834
3050
7980
9748
13786
6833
8700
2316
10953
9495
1436
1463
5202
737
12928
4240
3638
15925
6347
9266
4923
13427
12919
14044
11942
564
2754
845
6286
4118
342
12165
4751
5642
12328
3081
15201
3780
4312
1811
4587
450
1277
10179
8463
6773
15260
12377
11719
3058
9903
7795
4836
2161
7339
10205
9776
4217
2667
13178
5026
12866
3554
13684
6710
628
7169
10508
13822
2907
3302
6081
11723
8944
9269
2300
15458
9341
8691
4533
8651
11255
15982
4537
11368
8873
4523
12997
2239
5619
626
8113
5348
1512
7567
14738
14916
7539
4182
11973
4328
6639
14691
4243
2224
3603
3817
11474
15899
12821
13976
11251
9481
8380
10507
2856
10578
14056
667
6922
5151
13699
221
9263
7982
7013
7840
11486
8599
6846
436
8669
1564
16317
11524
8819
7505
5276
7193
11202
1749
6113
11987
13509
7895
4288
9159
13233
11522
12647
7027
14372
13552
9987
6462
13654
15948
16343
15262
15828
8657
8547
4113
9060
6878
4401
15825
6196
125
2266
13879
11651
11134
8278
9468
6706
10632
1639
10967
14171
9262
7485
12143
424
12674
2540
517
11291
14018
3399
4022
6715
13140
1020
13746
9971
8286
14112
3611
10393
11078
13696
9225
13003
11634
9387
2270
10999
15087
7137
16004
5921
9292
10343
2410
12795
7518
7765
8530
6037
15492
11604
2307
8854
829
4494
12724
15477
9961
595
15385
15039
7368
6796
1185
2231
14655
16289
487
6455
10848
2750
5378
6583
2906
7913
12315
1798
2764
2555
1306
10269
6273
5912
14447
15513
2945
1005
11849
13954
14474
10264
2158
10013
7645
14562
6338
11014
14685
7792
11865
3367
2802
5902
1396
4661
15526
11653
9772
15099
16261
1854
15970
1937
12120
4783
11944
6060
4276
7944
5635
6536
10161
10983
13436
8448
1243
2699
7209
1572
2984
4364
12537
13413
13508
592
8332
13820
3527
7038
16116
8189
10338
1086
7789
8383
11446
3305
4896
5615
8377
6420
7961
4061
10694
8676
10440
4269
7743
12719
4884
1664
3712
4175
11806
15231
10501
12461
4943
16131
7760
14716
750
6247
1336
9246
2129
1382
2650
1682
5082
9391
613
9640
7825
4229
3009
14135
15900
15266
15060
9482
4195
9089
973
373
2067
4633
9864
8546
13521
9456
15988
2137
4130
13846
6622
4568
13433
12048
10357
1014
15121
2306
7954
9584
403
6786
3728
13354
10008
12236
3082
1521
3139
15935
5285
8662
13129
3794
13692
3264
10704
16282
10993
2762
11682
165
7844
13393
6154
14930
14356
12135
9303
12295
13926
6595
10324
5342
16028
11332
2798
10389
344
10715
1228
10986
3769
1408
5933
1057
6398
12811
3418
8043
11085
5363
11269
15766
1232
2068
5587
3668
15715
12763
1819
15515
14298
1500
7515
6905
8705
12463
12844
2385
8382
1447
9717
2579
14130
13705
9428
12530
582
6101
14054
1216
8811
4878
1390
11995
10518
4811
2072
14444
4846
3787
2751
14370
15995
8144
16091
6695
4820
4701
3352
3144
9792
14219
2925
9406
1398
7876
3381
10723
2742
9398
11065
1580
4080
15316
8719
10915
13406
12008
9752
2923
2321
10217
1395
13438
11900
9821
9393
9192
9795
5017
15748
13854
13584
11354
8841
12862
10145
14558
1977
14682
5622
2234
334
16342
9103
9633
8414
9684
10693
15732
11277
15030
2924
916
16174
9218
15663
11573
10944
2873
4813
12610
13563
6970
7687
15317
9403
15350
7089
2444
8581
5809
53
11472
7992
6468
14939
14672
5931
16220
7057
16173
6453
2437
11297
4097
8284
6397
15062
945
3332
11748
5379
2658
1459
690
9037
285
12667
10471
9334
13327
11514
14813
12034
12890
6862
8173
8978
8216
2993
3316
1154
5558
6909
5129
552
9126
15085
2454
6092
12482
272
9016
4585
8953
14963
11359
4931
1001
9079
11844
11863
9798
14891
2383
15358
5047
12814
14308
10305
9505
14395
15468
1227
9834
13925
3359
6327
14647
10132
12144
8857
91
2243
8046
6069
5074
13244
414
15029
10099
11532
5534
4203
4788
5675
13287
438
6852
12107
7807
15826
7819
5524
5043
8474
13228
5531
16121
11434
7978
7442
562
4944
11999
9991
12732
9587
2035
6860
12690
2485
12697
12625
8932
9395
543
14688
13285
9135
11583
15229
2504
8983
13316
6126
13640
1603
15138
11174
9743
105
6166
8357
560
15527
7204
10055
2120
601
1265
16373
3676
4012
6626
7070
4510
13411
9039
8870
4495
10711
1144
6974
1476
12823
15954
3831
3829
6736
9466
8584
8567
8522
293
10589
9401
5493
14396
5886
952
3824
1260
6946
3489
11858
8774
5296
5782
11039
148
12480
4306
7494
10566
13170
8772
14785
10948
5044
6068
8696
7211
12956
9576
11252
9843
6492
13125
5869
13255
2912
15637
2057
2213
7455
2748
6025
3357
15311
7432
9929
13641
11282
4254
10786
8401
14376
10692
11319
10831
13143
15730
3038
11745
5897
12759
3932
9335
12864
7755
7357
13324
12572
10782
7110
14168
2251
3437
11091
12963
284
4731
540
14582
7332
5027
9626
3090
258
9374
3750
7668
926
6652
13616
2080
7887
9705
14381
11566
3286
704
3317
12663
14514
1653
12276
9142
1922
8452
13516
12847
5985
6805
7099
2845
7684
7475
1594
3228
3881
5014
10004
13842
14440
5358
843
15726
2586
4
2248
2412
12804
5661
2200
2866
2494
854
8212
12941
10825
7565
14391
15760
15463
10648
1193
5751
4441
8653
16249
2044
11394
14864
14245
4823
15585
9035
12514
14323
8838
6556
8885
7813
15182
14673
4636
10823
4841
16087
6865
1335
388
8582
14972
10325
7922
10159
434
11980
10580
14333
15224
7661
6441
15639
3465
4367
12546
8739
16071
9073
7995
656
13970
500
867
6853
3567
4238
5572
15479
8733
4387
2004
9295
12559
4789
6048
5036
12769
572
3763
13599
4334
49
1860
3077
3849
15410
12876
4656
13621
2262
9230
923
8114
15285
8750
14879
13363
15734
3549
4457
6041
3163
11392
15939
7566
10617
4070
6507
10448
2834
11714
15514
9056
9935
1112
6812
8855
8765
10245
5375
3248
14170
11155
555
7692
12191
13579
14434
13725
14871
9512
9963
13863
6975
7864
1404
9377
14304
5979
12752
15588
11605
5623
1616
3927
8349
7917
3340
6248
12953
12314
9117
13519
4858
12412
6403
8777
3584
15612
9933
2468
15235
10064
3514
2046
6910
15033
11965
2195
8977
12118
2884
1895
1479
9025
15036
15368
4612
10175
16005
10147
4298
12055
2440
15497
3125
10846
1911
2109
12359
5515
6259
9664
8883
4794
451
4965
7578
11309
6631
14244
4583
14363
12801
7464
16155
11135
11880
12208
8254
6083
6289
14067
9436
12564
3067
10749
3954
1371
10371
802
7135
6371
15264
1246
8999
3071
13038
10941
11233
9259
13866
11444
13747
2288
5610
6722
15399
6921
1267
9179
4163
3656
14321
7183
67
6559
14551
11856
7771
5377
2567
5071
1102
9540
10697
13671
8027
16163
7481
5282
9828
12302
2145
15049
6643
14878
10215
10505
2833
10564
1586
12713
7689
3467
3353
5542
3732
3400
14843
13272
5697
11842
4059
8354
15613
5178
13366
10795
8763
5189
8607
8374
645
6797
1034
13070
9155
1674
5175
2018
11376
13158
10453
2931
6751
3678
4565
11398
15215
13832
3568
13335
14073
11333
9656
14967
11739
12170
12210
5510
11825
13544
6998
7507
3092
4815
1750
2457
7008
8109
4122
3175
8803
3243
10005
10804
3472
3793
6314
14094
10586
1596
14328
5523
10554
6927
11051
12630
3906
15098
7308
14033
13086
10924
15894
10907
13706
10925
13500
11162
1205
1361
6469
337
13265
13221
5286
12800
7508
14461
13774
3151
102
9913
1171
14123
9695
3594
10066
696
13576
13756
5291
5048
5740
2955
12376
9273
9839
8041
14365
6136
10176
11650
8757
14944
10978
7802
15790
11988
8381
2012
5355
6784
1793
14133
9988
5147
9794
1879
12079
11659
5957
10241
7600
10841
13788
5272
14336
15949
635
2199
4539
1067
2767
15293
1100
6440
6036
12378
9525
1628
6913
12708
897
9815
7343
6467
9572
211
7462
12922
9264
1419
1881
1218
3677
1075
9032
5647
766
2275
3141
8794
16138
614
5177
347
1589
6138
9001
7132
708
4161
6899
1276
468
11426
13864
7228
6638
2182
1629
271
16305
2817
10791
9234
9220
9874
1415
7761
234
1437
11896
13481
8447
14482
14639
35
3461
8902
9816
14057
8751
8231
5844
11438
5914
3037
6714
10326
3257
7385
5772
16369
6033
1170
2005
14387
15244
2422
3283
2455
12073
3095
12880
8606
6175
13712
11546
7875
13799
754
1617
3748
4825
5529
15180
12884
10527
13480
14780
5796
12070
6108
14101
15549
1523
8364
12052
7858
5611
5943
10091
6357
14459
7741
12043
4536
13196
12622
1938
1509
12600
13736
1659
13290
6358
3541
12140
5911
4146
13266
12231
10769
12527
5197
13240
7354
1842
13466
14630
10115
13870
10845
642
2796
15171
6601
3466
1773
10362
16145
12562
4167
14837
9708
14561
6342
13872
6808
12300
10525
14866
8275
14089
9003
699
7171
15503
910
1445
2375
9170
14496
14906
15987
8170
7666
10724
5492
1727
3419
15363
15361
12380
15268
5950
13078
5124
1464
10760
13148
6123
14555
10346
8256
2728
14797
1280
12681
625
8178
11799
7176
11405
9041
2048
9790
6505
8824
3091
8872
10058
8880
13808
12755
15670
3137
4408
11387
14422
12867
4482
6720
7217
2935
2459
6802
6828
14968
10259
3401
7738
8596
10773
194
6160
11172
5278
10932
335
14941
12091
8688
3314
5520
10647
3161
12286
4747
13155
10169
3170
14714
14734
15632
5557
930
6624
7321
9644
11710
11693
5518
4616
5120
8198
7185
15523
6988
7546
7
16168
12491
1330
1198
16225
3663
9601
1838
8089
11530
7109
13482
7250
8832
15604
9323
12228
10646
15472
5816
1175
12951
4951
166
4782
10504
15057
15603
10154
2206
15847
8798
6040
11608
6
8288
1650
12906
12570
10352
11916
14881
5368
7791
8318
4164
7902
45
6563
12002
2680
8378
14964
12725
5192
9449
12321
6817
6617
9899
16072
1497
8117
14398
7744
6177
15957
15658
12898
8949
3664
16135
10244
11214
8194
6932
11892
2962
16128
3985
11513
6052
7823
7148
5354
8898
3580
12192
15071
859
7665
10462
7220
11364
14722
9698
14759
320
13055
1412
13539
4762
9119
10478
10779
15306
1766
7683
1700
15535
7373
9130
8861
55
4081
10312
2451
15080
6307
6308
7932
2278
5948
9199
3188
1873
11542
12033
3989
8154
9890
4215
3659
9760
368
6939
12410
11383
4768
10435
7191
5840
12994
8090
10695
5162
2970
16098
11782
5514
9096
14015
10431
14359
8636
8233
15443
13920
3820
4093
8415
14973
7788
1575
3959
15629
812
10309
3971
13274
2702
13128
9018
3254
1592
9081
5875
6539
4843
475
5303
5984
4001
15917
8708
9339
14993
1746
13955
3645
14324
8976
14488
12879
10635
8842
12292
5932
3522
9464
11558
6923
9814
42
4707
2746
6849
343
7203
1542
3937
15178
9471
13778
842
8950
659
3939
4618
7731
11489
8538
749
15437
14520
12337
12493
4185
3224
5760
12360
13082
16095
13698
3444
14404
7458
16094
9912
12914
920
8301
3495
6924
11248
14193
4509
10828
6868
16132
9563
7579
14924
13806
4287
9600
15083
8924
16239
11602
9229
9194
14124
9689
12907
6538
2507
3133
2450
3306
2356
1462
15532
4239
6872
5625
301
8779
12595
5550
6821
87
2964
15980
2571
4628
59
15985
3809
8808
3061
14164
6258
9634
8228
9543
643
4375
15284
2547
15255
13849
6823
5919
1874
3536
10096
2400
10777
6889
14567
13252
1948
11815
7680
13908
2247
10675
2696
15972
4332
11698
4649
2544
6836
863
9996
5726
5664
3949
15234
5540
3857
11498
16112
8091
12883
2897
7836
128
10727
13557
7270
12810
1453
10913
6169
4249
14460
14410
13321
13331
6820
1021
12967
13263
2666
11213
5720
10732
10570
10140
5758
4261
7599
5876
13297
9071
9804
1651
5313
12716
12240
5692
12089
15716
3962
40
10775
13058
386
9583
3598
8992
6569
7044
11866
13969
8655
5456
13024
4669
14455
3315
7602
14084
13643
6716
9960
13614
7548
8659
3096
5292
5653
4503
2022
4003
1663
14977
13461
14264
8282
3485
2043
3854
13367
8473
6135
1207
4391
11670
4166
12201
7892
6239
10014
3537
4907
1142
11010
3899
4430
10092
5671
11726
4072
6952
13718
3323
7291
7497
1710
3035
1960
4184
12289
8057
7269
11727
5135
11358
15529
10298
1145
13440
6051
2737
2995
7210
6144
8962
8058
13565
4958
274
13111
679
8787
12935
7860
2034
4630
8248
10236
12438
12798
5357
1451
6807
15449
3644
12934
4797
16196
13749
1632
1566
15035
13305
5971
2811
6105
9349
5543
4658
2134
3331
13094
14855
1672
12424
5234
6995
6961
14581
6404
3819
8701
6514
2781
853
2225
12968
6065
5707
5698
5554
15455
3483
4810
12816
5038
11685
14875
14846
10202
8156
5609
16101
9455
14331
11001
13489
14253
9249
1124
6822
11594
1654
7336
3729
4615
12895
2804
8494
14267
15779
2401
13697
8277
6656
4994
6510
3866
4124
7728
680
11848
3776
13222
10818
6799
1109
3898
12981
15795
10661
10873
13212
13453
8945
9240
13984
2220
10388
5599
99
2842
15416
8497
3339
8598
14144
3946
15296
15994
3888
16254
6125
2304
15086
3682
12945
14337
9550
5304
5183
2499
15958
6673
13501
2573
14530
5674
15941
14958
6876
8692
16046
3304
7587
2346
3633
13768
630
6792
9017
9112
14016
6416
4549
13478
15867
3065
5601
4151
16219
12462
11768
11232
13011
14983
5861
2968
4538
16070
6512
814
8328
7061
3731
15951
174
14720
15486
683
13742
4929
8132
11112
10600
13804
2244
2305
6926
5035
8886
9517
1864
3722
10662
2862
5185
10977
16298
3917
1870
4905
440
12965
7040
12423
3478
3572
6711
1300
7151
3267
15490
4851
9092
10190
3036
2124
3130
8649
1261
1577
8355
948
1121
6394
5616
8211
9326
11347
7720
1605
4643
9852
11971
11725
1079
3695
1645
15703
298
3477
366
7681
11237
6990
7208
11322
13372
11406
9678
12615
3124
8971
11206
3023
13755
12843
4463
2953
3733
7877
12000
145
8768
11182
8500
10651
2222
5188
9907
8722
11128
4487
15243
6965
5075
944
12184
1837
8499
11590
6767
6518
3276
2939
6249
1374
9736
15125
6477
5981
5532
10839
2790
13396
11890
2293
2513
9809
11817
9362
10618
15153
10106
951
8426
11763
965
12226
14783
1760
6783
8467
956
12978
16008
15885
8686
5552
12075
7589
2745
6463
2639
1409
1172
6057
4052
15408
8982
4971
2671
8102
11196
686
12288
13608
8755
11952
8148
13748
13534
12108
1633
11283
4582
6411
10698
10437
14038
1323
1818
2720
8506
10625
11303
5736
15211
2627
9622
9291
3274
7956
7580
9726
7950
10496
7693
4415
15533
5023
6350
2246
14905
11958
7948
1284
13132
3615
14300
15880
15421
4540
2172
2548
1742
603
12535
4394
1080
6155
5072
1839
5803
13183
15367
11919
4141
891
11766
86
4877
805
13550
5768
7685
2700
7504
5054
12852
4362
10289
2091
14586
4750
4440
10239
10297
2261
3861
3056
2084
8040
6284
6246
619
132
6596
6395
13947
8389
13176
8186
1047
10945
11365
14152
15382
9030
13542
5415
10551
4303
10210
7159
9554
9636
3542
9737
101
13
6216
16262
14914
12001
11031
14781
10238
13858
9613
2445
8095
14224
2237
10052
15506
2198
5605
14576
11520
4029
8486
12511
11831
15623
12606
5478
9023
6533
7065
5095
13150
13452
8407
8894
7656
11304
13968
14988
3724
4761
11349
10284
11375
13394
994
7808
1789
12477
10966
5477
3041
11565
3646
9074
10314
1134
2210
5673
7941
2482
13345
12561
10185
16364
8270
12703
7770
15465
4461
2581
9781
6009
966
9581
5410
6473
8587
9693
14989
1117
11013
242
3002
13047
3105
8882
14704
8847
2355
13631
900
4412
7340
6095
10065
15839
10039
6700
14706
10737
5474
7396
15467
6756
4283
7001
8479
2212
4360
1762
11664
6094
6117
1891
9728
9186
3166
1160
8094
16124
3790
6806
8168
2024
14574
8852
6045
15741
462
3886
151
4284
9791
7603
15343
12445
10772
8891
15003
6022
2974
15594
6195
9718
11260
11638
5763
11171
4738
7834
9450
7113
8577
3079
14129
15924
9425
8608
13487
9216
14464
5372
12979
2655
2228
1286
2066
2885
12475
307
1110
488
14465
13883
7857
16075
15305
6448
15689
11023
5576
8180
12870
7002
13985
6586
3759
2846
12786
7454
8973
12437
744
2619
11893
5666
11465
5822
15714
13162
11966
3117
2588
16256
14806
15901
983
12619
1655
15931
10937
12281
4121
5507
12827
2015
2081
3619
2007
15624
6543
7031
14883
14271
11378
4733
12058
11412
7066
1681
11433
12700
15817
4634
5849
7576
11941
13636
206
5716
8026
9835
5154
6251
876
134
6735
4502
13975
10759
14689
6376
12917
6944
13726
6245
7736
15320
7879
12442
881
953
2920
5681
10851
8422
5353
14332
4054
15052
3818
2299
8266
327
15084
7953
1570
15436
265
6994
6305
2334
11826
11427
6640
15940
10979
4094
6460
3173
8645
9360
12145
13010
4604
3409
5290
359
9342
3288
11757
6217
1926
13980
498
11074
6435
11591
4918
11028
14980
2032
4999
12233
9238
832
11420
4901
11138
7129
11123
8386
12731
14186
1272
16016
991
13946
1921
13732
8797
2887
14539
1640
502
2551
14025
14512
1242
13242
1643
15238
7417
3239
3198
3417
16333
1230
3421
511
8385
1899
9108
7646
6267
13885
1381
9887
14744
6957
2881
10317
14917
13199
15485
4887
201
10285
14199
5759
3771
4325
1669
8884
4099
9358
11152
10850
11211
2508
5277
12458
3197
1439
10712
10422
1706
13860
8697
762
4425
7108
11505
10684
4712
14154
11009
11796
11894
10282
7946
14120
1856
1255
3484
8717
13248
1484
3487
1604
14072
14583
2855
3375
1830
6917
12084
15338
13899
12106
13891
9431
13958
9766
8715
12645
11552
15412
14747
9284
11728
8510
8146
695
13807
5119
13913
8986
12865
8637
1434
5280
3792
11180
4960
1885
781
15214
8062
16328
14266
4106
2628
1877
15508
8335
15252
14812
12325
11954
5973
6220
13373
232
16336
13562
9850
3452
12792
5589
15593
773
1458
13101
13704
10408
1310
9968
85
10148
9779
10198
15524
8679
2635
15179
11518
4629
13613
15997
10954
6663
14035
6501
3936
12775
38
1425
653
13876
10011
2888
3045
15606
9222
16281
12214
1925
13439
12743
8223
2922
5199
12299
2772
94
10344
12063
12539
389
16260
7981
3370
3358
46
10936
12259
15001
5820
7302
12676
13460
9236
14851
2646
11705
2863
16233
14902
1368
4804
3052
8871
1166
1949
5341
7856
4359
8626
14911
6143
15381
3213
913
10313
7251
2268
15327
6618
14453
1836
9065
10380
11637
4852
2110
9197
13543
5389
1670
2377
8737
3799
1578
277
15194
5905
16151
9354
7259
11895
4338
7927
9842
11280
4947
8239
11977
7671
2447
1403
8224
14399
4871
13841
2821
5618
2636
1657
6439
4402
11672
906
7424
15280
11824
1316
3597
6678
723
9857
6242
5895
5437
7644
7630
13110
8968
10582
6621
12031
10370
7446
4266
6430
10830
8565
5382
2092
9741
2125
15469
1976
12683
1993
7555
7652
2226
4065
6063
6354
827
1610
5344
7054
1197
4848
7994
13079
6973
9191
14467
1729
3730
14441
6271
9499
13428
2557
9149
9165
9894
5029
9346
1131
2822
2002
12542
8775
830
5408
1058
11877
10699
7149
12488
70
10748
15744
9114
505
612
14083
7570
6987
11052
16185
93
5686
1060
4934
7660
8242
13249
4940
7246
7075
15602
13451
1771
290
15693
5426
3110
11296
15975
3424
9075
13180
10061
2614
2146
6215
10206
3660
2652
9320
15909
14156
3377
2030
15275
7010
4893
15021
2122
3736
15684
2025
1292
6351
6355
9274
14727
1855
9404
1304
3782
12229
16352
4324
4857
4864
10799
9608
15673
12183
14075
2609
9982
1900
3976
9853
7601
12691
8786
6866
12473
3508
5898
494
372
5338
4980
1369
5714
2073
12009
292
4912
2000
12373
5254
348
14173
168
14698
7007
10971
15863
5866
13446
1196
445
8039
6590
1035
11256
3518
2082
3142
9901
13702
5332
12939
15538
15377
4695
419
13740
10992
5243
11391
13441
2915
11501
2835
12959
9974
13600
13207
9243
14493
4154
15808
12216
7742
918
16250
7594
10731
5230
9100
10336
15103
7754
8729
15870
13200
4480
8172
14238
15376
15394
7501
8268
1423
8252
11334
5663
14536
12541
3680
2474
1990
2218
14036
13410
4231
3348
14311
14908
10078
203
15187
2698
4745
563
9941
1660
15439
9294
9301
4446
9388
2330
10530
4445
5525
5627
6742
10168
10270
14010
4179
4986
5484
1556
2766
16102
7643
11538
14231
4189
6851
15134
1036
10331
13235
12415
12837
14125
6779
2593
11949
3129
5693
4544
5746
14163
13017
1739
6760
3131
8835
12265
7703
6128
12239
7931
16243
6804
10609
7470
6832
11497
9920
5064
8702
2561
11381
7574
14778
15181
7337
2276
15096
13685
16290
7045
3123
9893
11609
10630
7097
3273
14796
2612
9773
13997
2668
981
3289
9928
11315
16139
1601
14070
820
1031
10696
2689
1244
11437
6725
10390
14932
15829
15481
12723
2908
11681
5808
377
7722
9333
12644
13763
13887
7696
16126
5959
4282
13605
9088
6746
3290
7328
10844
9514
15547
5485
10057
7103
5487
8909
2020
5879
6077
2744
13136
1491
5830
112
12770
11352
3631
12915
13105
1257
5774
14457
9461
6829
16329
8025
16363
2188
9527
9793
12464
16029
14577
14820
1598
8150
4102
10360
13558
336
8597
4904
6791
13594
4983
15207
1524
11249
15132
11889
575
5326
1073
13831
1600
14601
13983
6192
12290
1253
10263
15206
9506
11000
5397
15034
8504
1543
15430
10928
5312
2809
1904
3160
12812
13204
14230
1679
3313
12127
10032
2190
6389
14749
15562
12992
14946
16312
8850
3327
11789
12548
1780
1906
9487
6558
7306
3581
9944
13049
9943
2660
9637
4553
1303
5454
10545
9648
6757
8131
7918
7971
5709
2757
712
3099
10875
14928
12249
569
11924
11305
273
11526
3364
2128
16108
15340
6534
452
3994
8165
9566
1774
16041
922
14822
5215
4385
9156
5588
6233
12069
11582
9217
5978
9573
15559
5823
3296
5503
5347
14748
10049
8555
4566
2684
11084
6428
536
2283
12524
1826
15511
13050
2644
5799
8155
12355
733
9282
8424
6276
2162
10807
11755
608
7425
10286
6614
3083
1541
13803
11485
1824
12094
11667
2500
8428
7560
9807
16187
16107
4319
11643
9224
7146
2384
9053
1473
497
5394
14760
4107
9758
4654
13299
13008
8330
9796
7094
10674
5111
2611
7739
13445
7526
321
379
4100
1613
2374
4976
1077
7221
15773
2703
3830
2522
594
14741
11409
14667
1550
12832
12405
3509
5041
11904
7147
12181
14294
10663
5390
14406
8021
276
15383
5433
12346
15356
4116
14313
7859
7477
8954
15114
14182
7513
9742
14064
6497
13062
7837
9669
10783
11054
12774
13334
11821
3953
9628
13234
10242
16182
11646
10222
888
15022
4156
14161
3029
9535
7632
8420
14627
9489
12809
8666
1927
15587
971
16264
11343
313
5152
10933
6971
9967
4998
11603
4949
5131
2520
15843
13421
15115
10046
15017
2697
1784
1992
13494
2277
2396
14347
8878
4491
13005
4339
155
10517
11253
7063
7085
3404
8066
10063
14789
2829
2870
2727
7751
12099
16143
16217
8767
10139
14127
7511
1210
11986
15349
5795
6265
3426
15887
6158
6900
491
4653
1090
2903
12189
15891
10686
7498
7593
10484
9692
2287
5374
3686
2214
3583
8672
1902
5566
6319
9861
5068
8353
6875
10404
8076
12789
10463
12050
8654
6205
11200
9780
4467
4422
14745
4704
16295
14243
1285
8056
13800
200
600
753
8304
296
6483
8369
12440
13837
13541
6612
14449
9616
14959
9028
8644
14146
449
16092
15403
3147
10384
12517
8145
8151
3194
2315
8974
12113
3167
11470
7490
9518
5643
5918
14775
2208
7629
12332
12611
11577
3707
11481
16006
5722
777
15534
4870
15144
15270
14119
2942
6356
1364
13293
9657
2217
6880
8743
13381
6625
8458
4349
10652
8724
6785
7937
8778
13378
9955
9091
10529
7134
6185
3169
2896
1534
6211
14525
3593
14824
11571
8934
9788
25
4473
607
12829
7439
8240
7186
7015
4404
10794
14257
6212
7313
11797
2112
6293
15137
1188
13139
10552
15019
3346
1823
6159
14285
15393
4352
13865
2904
2233
16053
162
4961
3148
9715
9937
12710
4691
12385
6580
7234
10810
6119
15273
4169
16147
3250
1544
10438
4095
13752
11794
14055
9945
12017
7180
8468
12558
3955
10752
7676
11449
11793
4780
2710
12254
12522
6348
16045
11230
12133
11898
1007
9981
5818
4066
3491
9570
3836
11215
7942
10000
1907
1498
5502
411
9048
10947
6295
14274
1113
11311
2331
11784
8432
3746
58
69
2483
10890
15501
6684
4956
3761
2029
5592
5641
14357
10423
120
13329
309
1212
6825
2602
4517
10929
24
90
4505
855
6864
8007
514
1250
7032
4234
11370
9445
3915
823
16350
5176
10856
13486
1022
8501
6816
14996
15344
5214
3963
4925
352
6814
15628
16086
9414
7940
3639
15504
11885
7547
11950
3573
10683
11458
1012
244
7072
12662
12781
4784
2083
13928
249
5602
13018
4699
8916
7588
3967
6680
6484
8972
239
7758
12553
19
14735
10512
10025
7254
15348
15040
6800
1184
927
14653
15459
175
6103
2966
14380
6466
10503
8806
160
12854
15690
9150
4295
3807
11240
4429
9738
14158
16348
11555
11093
9336
11771
9474
3459
9858
9949
9985
7612
15464
6491
7331
10257
1665
7260
3781
13380
6408
16340
11037
9366
3694
2828
4316
11183
6509
13339
5533
15042
6658
14039
9212
1763
5968
11246
4002
5093
1893
1340
664
14151
12989
10900
6390
95
13117
7945
13623
1428
2779
13332
14059
4921
4847
2622
9196
15118
14121
2705
11453
4511
15401
15546
3718
12673
2848
15860
3588
5867
3310
16068
12296
7330
3961
6064
9121
3587
2930
13096
3924
5325
15564
5288
11734
7785
5237
13793
13727
13198
6413
7496
1903
12267
11624
15811
8776
14537
15814
16315
10067
6229
2633
12909
5613
5883
5137
13672
6727
11640
10427
13124
2185
8956
9582
3011
7484
14602
3981
7850
14027
2372
7043
15797
12354
8747
14423
3493
16127
9171
15801
10108
7983
1538
14739
2991
5843
13977
11302
3715
6062
15589
894
2661
6856
15984
3237
9435
14343
15006
839
3193
10735
1557
3533
4771
10180
11448
14495
1918
1026
6076
9995
8553
10837
14522
11048
10526
950
12608
1319
7258
4609
5130
5329
13792
15197
8067
8265
4268
1119
9176
10363
6387
7182
14314
3880
1093
37
13479
9888
6942
3825
13629
13949
3674
2604
483
7438
9125
10117
5539
11484
13326
1619
15150
10230
3386
2677
6549
5391
15686
4400
2830
3826
6427
8893
8218
4272
12658
9564
12247
3217
8512
5923
12466
11935
2693
7181
16184
7299
11812
2589
8844
4967
4403
7523
11395
4014
9867
14986
4042
16240
1400
6291
10112
14712
12791
12718
4513
11423
8709
14632
1114
1003
5748
5988
7889
8279
11504
4152
13076
13102
8317
12920
2647
3929
1028
6778
446
5159
13529
8993
10070
9087
833
4607
13775
52
2566
2136
9315
11307
11022
14344
4675
3855
9066
11312
9400
4978
2850
13365
8627
3116
5108
15998
3991
13476
12927
16027
4684
13197
2151
14099
6054
14192
10364
13826
16111
12889
180
661
6608
8864
2473
13056
2417
15288
1611
15013
11151
15990
12634
14626
8929
3475
13523
2484
13888
2910
15064
2160
3164
9415
606
14252
11621
11720
14205
12271
5473
402
3864
4547
12046
4767
13857
15869
3013
6426
13590
8984
11335
2394
3236
1344
6163
1356
1515
12320
2874
479
5073
12679
397
12406
8638
9862
7878
9683
14764
15720
11488
8476
10240
12646
9845
7852
5936
12747
2988
12503
5216
3354
12656
8481
10097
79
7764
2380
3884
11002
12095
11101
9774
4693
13759
1964
16099
16165
730
1721
4637
12702
8459
10019
1397
1983
9866
12051
10409
5352
3796
7240
9749
16019
13986
7881
14566
2187
3604
6585
9107
15059
9182
6132
8704
8032
2286
1413
12404
13781
10007
2281
4018
12413
4050
6049
6855
5724
14255
13642
1417
14671
191
4416
7016
6960
787
3075
9306
5289
5371
291
11597
13993
9745
4676
3657
12806
1107
4746
13175
4471
8258
12974
4561
14131
557
13498
4311
9353
13073
14412
14740
11567
10302
14955
15462
8712
9571
6729
9639
8444
331
15700
6958
1123
11907
2041
2026
1718
4774
14273
12090
914
10018
7473
11168
3210
4665
14051
3240
7173
7160
3048
15081
6651
14340
11862
14148
12657
13950
921
3711
949
710
915
7363
7595
10811
2538
11344
4038
11006
16278
5711
5442
14486
16253
410
7389
9876
6968
2155
15357
316
6911
860
5676
11901
13167
3004
3770
7974
10247
6359
1087
5376
10083
13273
9731
15767
2715
20
3848
3910
7583
13407
2156
2238
3779
13408
13992
12675
10034
8911
11684
13126
9076
5033
4028
4096
6903
4627
7311
5563
8049
12604
6588
6096
13075
4734
13686
10379
13869
4917
16167
1579
3203
14564
9897
10757
1959
5832
15776
14443
6642
11125
6981
10497
12857
1504
9671
6861
8003
14183
969
6349
3709
295
2441
7970
14952
80
7534
8470
4916
5045
4608
1068
14439
13956
1656
5261
10781
11989
8574
13485
8339
4777
10965
2464
5690
4091
13164
3318
12640
1752
4571
8063
9420
6771
738
4516
15977
6417
8799
1755
3756
13847
15542
14216
4766
13470
1888
5257
5458
13220
11891
3545
8408
14679
3697
10952
3839
4853
1432
2608
15989
12225
5838
9515
8285
14506
3342
7986
10079
11265
13743
1018
4351
3338
4504
9379
12481
10787
5545
5435
6571
6606
14660
10610
3269
2403
8106
12966
8140
15850
6150
12896
5163
3349
6425
3120
5004
9905
13384
2509
11011
7517
2189
12399
15510
5244
12255
3086
12188
3408
11839
14126
5845
3647
5667
5464
15247
5166
2554
10583
4183
15907
13401
13462
8961
11066
7278
11049
3576
6179
4030
6190
10833
4743
12277
5802
10226
1537
7719
12908
1782
3271
2476
4545
11483
5745
14345
682
2370
11203
2721
14713
11983
7189
11818
15353
9380
8493
3225
253
10897
11034
12453
8615
4736
1085
11208
4969
739
8867
10187
9565
5022
11083
9950
16308
4086
5150
6598
10156
11820
14050
1366
1283
6519
5460
6977
13496
6826
13821
13412
10421
13174
15360
2707
6386
5702
7320
8139
11957
15933
4344
5598
9761
16361
7888
11715
8403
5644
4307
13159
12435
1581
63
12471
10127
3692
4379
10051
8762
6959
8297
9446
795
14684
6392
9831
836
13260
14087
7849
13897
15721
1465
9102
6734
14437
6592
10199
9560
6043
5019
10888
1785
2976
4663
16035
11535
3502
2733
15866
7104
3324
317
9924
6312
1359
10592
7378
10923
8877
1485
9916
10318
2598
5903
3673
11366
15566
6593
5164
12100
14061
5848
8888
8926
3360
1402
818
5949
3420
2117
12891
9347
256
14338
8658
14948
9465
11190
11606
473
16332
2311
1418
1561
8307
5385
15647
6089
12554
12342
2101
9132
14071
631
12439
480
672
4392
8387
8583
2232
9529
10536
4465
3845
2173
5754
14524
1781
14023
10035
1289
3507
9099
2562
3701
2178
5201
1094
3300
3108
16001
8412
13924
7677
16030
13785
13713
5738
5396
13757
3637
10413
9500
15879
4642
2481
8887
4353
6218
9399
10246
2521
12510
8876
12971
8345
770
10459
4365
16367
7421
6602
11750
14436
11578
14132
15842
7213
4779
9721
15221
1827
2076
4595
10824
9180
8379
13074
3275
700
10447
8814
10323
5025
15282
8160
14761
7841
11553
3739
4389
7105
4859
837
7374
75
230
9228
8100
3132
12047
4806
12955
7984
2806
9694
15610
4222
658
5204
9771
9491
7433
7292
12986
9723
8907
15325
12081
61
2077
5182
7395
2253
5645
4793
7958
7884
9057
826
14935
1176
204
9621
14931
761
11588
525
8810
3610
1571
817
2397
12190
12961
8047
10615
10345
7955
11786
5340
12631
2775
12639
13658
14994
11116
10542
8065
3365
6370
3828
5205
15679
1259
8384
8204
10301
6339
315
15251
5522
9542
15044
11
8171
2969
1825
11081
14507
11868
6010
2280
4666
3648
684
15073
1508
13315
2947
9373
12693
8605
13714
4512
461
16204
501
427
2393
5301
15642
6302
2971
14017
2795
13432
5970
11822
5065
15560
7222
2295
196
8652
14633
11475
2726
1535
3774
1939
14541
4031
12730
12268
14919
2333
1083
3450
3111
442
9823
5103
2215
10050
13483
16318
14573
10805
9242
12597
6176
15097
7168
15173
12929
13288
10836
7231
5367
5455
15756
2940
15572
5046
8673
3741
4706
3806
12707
12621
13116
7263
9355
670
10665
2803
1399
15903
7620
4176
1062
15831
3361
14772
14842
13296
7307
5940
11922
4432
16355
10958
4370
13607
13548
10659
12766
15053
15945
1765
6724
11775
10174
5155
2570
1037
15967
5465
4647
12698
9386
15419
2591
10920
4564
533
7198
10951
9699
565
10434
3553
850
10896
10436
16375
10279
12282
2718
12484
27
2541
14293
1411
1263
11886
9630
4423
14
14724
12696
4373
6292
243
9090
12614
11802
5226
3008
9951
3106
8742
7369
8920
6300
13972
10121
9144
10387
5678
13409
8388
5110
8996
15793
3201
8053
1104
1753
8918
10119
11655
13022
6374
3181
12392
10455
2810
13205
9078
11212
3617
1407
12851
2342
6581
16042
9592
100
15230
2630
14868
15075
7187
1299
13653
609
597
14863
1471
13916
4928
3904
12783
2568
13750
7938
5700
2778
6193
14289
7851
13356
14388
6304
8230
10178
10469
10486
16036
5211
2273
10170
9314
1711
4596
4252
6890
8488
7818
5370
3920
7143
13817
2741
16356
7082
3282
15614
3247
4866
12157
14942
729
5084
3561
3341
1696
15699
13503
3894
7352
16209
12765
10541
15258
2119
3185
8664
15633
288
1723
1349
13581
3889
8745
515
7503
15735
8435
11598
8321
2825
8375
636
2739
5399
13280
15048
12613
5113
14803
15638
6297
8914
10278
220
7647
3416
6850
13430
15757
13246
7078
13026
1217
4942
3521
6191
16303
13861
10521
6662
932
13191
11506
8913
11076
9356
15893
9432
3280
16021
10658
6956
7960
16257
2889
14982
15328
12186
9998
14065
3687
8990
11979
9765
2869
15461
8082
7775
9496
12361
9026
4728
8578
5890
5404
7695
9434
11231
5828
7563
12544
5741
4953
11424
10029
909
14953
14610
5734
6445
11402
12246
11372
2420
14743
4882
5042
14715
4989
126
11119
10575
1984
15391
8903
3186
4890
5081
11743
15731
3191
11464
12298
10644
10201
15946
9879
12794
1691
2170
12629
3725
15881
1576
11687
8064
3255
8205
12243
4535
1489
8045
11665
8985
1614
2858
6039
2899
13597
8287
13818
2055
7774
121
422
13467
3578
15669
16089
7669
3435
15886
14649
7611
14621
4854
2600
580
5384
15858
6353
12573
3039
9332
11751
7338
10981
7514
14240
1168
11744
3887
12704
758
9137
3234
5483
8340
6244
8037
6173
15359
2051
5694
4143
13795
12395
7141
10982
4225
13004
12273
5715
1091
6182
235
6345
7382
8081
2626
8788
4092
5606
7575
15854
15537
10130
2424
13386
14540
13809
3455
10163
9756
4659
4048
12319
6950
11803
5656
12426
10158
4449
10942
2575
3205
11324
5652
11480
16228
8356
10719
6776
5069
9270
7021
617
14008
13734
3379
8030
8756
13495
8127
16063
15186
4725
16158
7773
13137
16275
2533
15688
9880
11923
3795
3957
8333
9098
6013
12583
10780
15550
10881
6672
16105
15813
15074
7633
8472
3172
11912
10540
12365
7915
10087
12588
1593
8595
9775
14221
1200
9975
89
11149
8682
8625
12168
227
433
4809
34
214
8575
9992
14360
12004
12018
1802
4800
1446
11873
10038
400
104
12590
14615
4397
4950
11883
2033
6529
12222
8539
9927
11625
2980
12813
7397
8558
4434
14430
7673
5
6318
6444
3745
12196
10864
78
14491
9167
13791
7153
9045
7552
11018
13693
15123
6368
10322
5593
4011
3025
9101
15882
13850
9265
5853
808
11410
9034
3033
12224
4459
961
2691
1148
8804
5401
3968
5361
752
10963
4679
2010
9202
8290
8445
7838
8858
15277
12654
6753
10060
8860
15601
3093
13304
12096
12888
567
12904
8562
14432
407
2465
5621
15239
11114
9421
10842
7590
10268
4120
13391
7233
8735
3369
11473
10579
13387
15396
678
7873
2249
11550
1042
15120
1982
5317
15023
10677
92
12988
14353
5665
7853
10118
8632
16048
9865
7000
12487
14268
9994
10405
3766
4946
355
3511
13851
15160
847
3900
3964
14887
7706
15308
12371
2221
11220
7866
3798
6367
8257
10088
7093
9508
3896
3456
1792
4165
4322
15851
13651
2166
14852
1027
6793
11692
13937
13307
9304
13815
5206
14402
9702
14386
1624
846
15872
14076
9969
2202
4930
4241
9947
12235
6699
16306
10705
14665
5180
15575
6098
14214
224
16097
8119
9578
8294
3895
5777
13051
11195
9562
6124
15950
12130
8620
1738
1996
11696
14045
5788
7428
12470
11556
6322
782
8531
3607
5125
4084
756
15278
5989
13549
2386
6925
1380
13229
4594
12275
12701
13044
3016
14826
6609
16083
5578
13444
8826
15079
6415
3608
4798
2623
1472
10072
12195
4682
7322
14788
7101
14295
15892
12845
7408
13678
4150
11783
13845
6579
4897
16123
13777
4935
11875
9533
1574
10472
3747
10196
3600
2127
7285
5992
10866
12505
1944
5858
13035
7026
9703
4398
4300
2929
8818
14283
6877
5527
16144
4045
10519
5765
7533
15389
2235
3969
15159
5470
8670
11072
7909
5582
11166
15920
8726
545
9690
4792
2941
10855
1063
9904
11241
9133
6650
10304
6732
6002
15810
11576
687
16106
8121
11046
8249
4975
3389
10960
15005
12097
7947
3496
3143
14546
5359
8753
13830
7406
3501
2369
8314
16148
16062
6895
2770
2038
5870
5986
11207
2797
1843
9614
9764
10801
11188
83
12093
10006
14656
10182
12291
10385
14041
7965
4464
13182
6553
2982
1108
9818
11586
15778
5302
16133
3690
6951
7068
12797
11921
3258
10124
13215
13595
482
9763
7908
4064
12327
4087
14613
11468
6481
14616
7375
5174
8443
14892
207
4055
3494
1833
15768
15498
7469
12589
2284
8159
9799
10477
12006
7218
9454
13109
4410
4331
9024
7165
4551
5156
10040
13087
14898
14560
11242
15375
12818
394
1667
14920
901
8821
13628
12076
13659
7212
6464
3018
11899
14709
10869
10678
14556
10590
14024
13687
3913
6992
1709
14028
8016
10250
10165
2203
15932
12306
8823
5695
2524
16283
720
12468
6209
4260
15242
14876
12049
11994
7717
8013
9452
12307
6949
15822
12923
677
880
3713
3005
9976
1352
16146
7573
15516
8123
15106
12446
4605
8979
5480
10968
12706
6976
1957
8521
15488
9290
4932
4507
1928
8795
6550
9014
14191
9244
825
6402
2159
6326
15906
12830
13323
8927
7622
10377
1302
8105
8238
10623
3223
6632
8425
5892
7236
1069
5564
13144
3856
1116
14197
2879
9860
16337
16061
1849
364
3862
3760
9106
7557
1029
5067
14280
10562
14971
12858
3028
4233
4672
5770
4816
5860
4550
5141
11156
15297
5294
1138
12330
10184
14176
6741
3460
7966
1150
15733
8718
15174
7598
7626
7362
8221
50
10261
7891
12560
4204
2712
1703
1053
3504
12824
14929
14677
16179
7227
13210
11463
9049
16043
544
4865
7748
13784
15762
8687
1233
4073
2735
7480
1278
13568
9337
13283
12476
13670
6042
10887
12112
1281
5731
4198
1383
997
5439
4874
1744
10917
1894
3990
13965
13057
13083
9964
13524
14568
5794
10002
333
6412
16110
16277
15426
14185
16263
8487
16066
15755
8409
10667
15364
806
11512
8839
8969
6750
3447
16082
6955
873
16245
7663
4399
51
17
7535
5315
2052
9253
6636
4265
9470
8153
1161
7906
4168
9885
15747
3017
13068
14470
3032
8931
8404
9477
13284
7776
14499
454
14141
12932
6668
12338
15557
6011
15785
1945
16175
10208
12366
8088
13400
13782
13464
7100
4270
15784
6414
14392
15434
14247
4356
11089
8744
13189
16088
6442
2506
10368
11428
10383
8455
2901
4685
4520
2717
11918
15371
6167
3384
7261
5239
10359
7241
618
8613
4250
14009
4289
7405
13302
7709
8580
1552
1307
2439
9013
13424
10292
3625
852
7290
3278
14501
13962
14853
9127
13375
1724
15295
7445
7126
15307
13030
3500
3080
2840
5983
6790
10231
10956
975
1467
2433
29
2787
5900
13006
1363
9946
2852
81
11445
7014
11136
6726
11702
8313
9549
15007
15414
14894
1878
10935
13226
12720
14201
10424
14795
6014
8446
395
4954
5852
11850
15803
7074
6920
8010
4271
5638
2625
7383
504
5581
4492
5712
10653
6982
15556
1751
15953
14634
4845
11017
14593
305
2063
13147
9146
11864
7130
7520
8015
1226
4323
14052
8009
2793
286
15751
10905
13475
12351
5499
5450
361
11616
10151
7710
10800
15937
1638
14442
1950
15750
15478
6827
7880
9201
7305
10891
7150
4110
5634
3812
5773
9281
9568
9169
12119
9453
13904
6459
11997
8274
6429
15711
1431
13463
7318
15149
9618
9863
161
6980
6883
977
7413
12158
13214
7925
15286
1071
12397
8628
4341
15303
2914
10131
15678
2426
7214
12024
3566
3803
7102
4472
6393
2665
5964
11964
7303
11617
11658
5733
13941
1863
14361
1010
10921
11056
1772
5815
6388
13402
15727
15541
1697
8466
2783
2979
7621
1791
8137
15422
12930
13917
8166
8997
3555
5158
12375
3479
10546
14579
8069
12067
9787
3944
12825
11537
14703
4910
13538
4548
14172
8393
16044
15745
7334
14623
7377
3749
14683
3842
1882
6494
15536
7370
7355
13423
130
12918
2725
14254
7243
1315
6531
11785
2011
10645
8209
11749
16181
13833
4201
14317
6562
3670
5232
12263
2616
2511
11385
3337
7237
3870
11115
716
4646
390
4729
2028
14500
8703
10815
11348
16280
5747
1076
16230
1493
4406
12110
15267
2861
3931
5169
9209
10778
7521
9472
15127
5779
11416
4371
8441
8820
13347
11454
2731
13276
6665
12245
15321
4427
16104
5727
10860
8817
14305
3529
2701
1274
489
15807
10203
4534
7904
12454
10553
2532
208
7275
5941
12221
7592
6228
12848
1741
947
14053
14792
9022
16202
7912
8253
2329
13882
15654
12653
9740
9973
8589
1331
455
4037
11362
11218
13674
12760
8456
14557
14364
15018
12151
7985
2987
12626
14784
3871
10725
15095
8728
4114
1275
7265
13418
11647
11790
10611
1847
7069
15791
4153
7049
7133
5256
4708
3875
989
7315
3272
4765
8601
4374
13028
1845
4755
2621
9485
7636
381
1820
1730
14411
16125
4710
740
6696
5308
10710
12177
6337
8366
6275
11808
4714
15802
1764
15451
13239
13901
12790
13553
14907
8480
13957
4778
10591
7351
14960
7934
3112
14794
10468
10619
6237
12132
9552
7890
12746
5284
13224
10834
16265
5850
1776
270
7591
13202
8939
1846
14139
11191
6764
6702
3118
11400
3453
8569
8519
7426
1708
7324
2089
1125
13115
10137
7616
807
9547
3813
14533
1716
5906
8203
1966
7350
13080
12799
10464
15969
6406
437
13892
6369
13942
13780
5868
14756
15818
16366
13644
1646
15335
5812
15404
4337
9786
2075
7152
8906
1239
15329
68
76
6902
3744
6524
6637
3319
10
14377
6798
3263
14638
463
15758
8694
7617
16365
2849
11779
13045
222
14250
4668
15780
13513
3285
9147
7131
5579
5413
13422
11050
9207
14034
3650
11703
13077
474
12592
14969
10515
6667
13575
960
13279
12353
15598
14184
9203
6470
4117
15910
707
15126
14256
5776
8591
5099
12499
3356
9531
13303
10895
15037
4593
4886
15596
4678
13611
7429
12356
1525
2414
12015
1208
16213
6574
9520
2789
6854
12550
4624
2104
14417
12419
4698
14277
1850
2997
15122
6059
1098
1030
2204
4703
8725
14646
225
8147
4915
15955
13514
1641
3661
5965
8038
15650
1044
10218
7177
13301
7423
13810
10114
13728
15749
10307
8586
7558
6647
4199
14302
7393
14767
8325
13348
306
9607
1548
13660
2194
14498
5987
1606
7081
7637
1943
4662
12379
6535
2580
4891
5945
1334
5723
5330
3468
15195
8738
10086
10378
10195
11970
4586
11221
7782
1427
4191
5134
2685
2430
2017
12591
2031
11657
711
11120
1157
7115
14367
9767
13065
14619
4015
14077
9160
14509
5136
992
5677
10733
8609
4242
15660
15333
2892
3206
10728
3396
13571
9305
9052
6024
838
15241
10076
7561
6074
11258
8759
13447
8935
1797
5791
11496
8863
11861
12636
4855
492
6848
1965
5293
3392
4017
8429
4554
9005
4335
3693
11068
1625
5680
748
10110
1822
2490
11461
13603
13091
4992
9847
16307
13298
15816
10974
2875
3891
2328
10449
15682
2902
443
7549
14844
7815
13634
16339
2905
15423
14040
9609
16011
11528
252
3512
6857
8845
14475
11090
1180
3078
4524
11388
9586
15111
7957
2325
11079
5380
12211
11350
10465
4264
14728
10797
16079
4908
7869
3054
10707
481
7404
10522
10211
1527
11226
5704
11408
14310
12579
5682
9419
7329
5946
4641
5423
13336
8235
15202
3232
2181
15926
7531
3940
6907
10133
6243
10144
8780
3378
3047
413
14710
2708
4560
11209
12045
1876
10544
4979
7532
14956
2719
8720
6472
12234
4542
289
13206
10466
14502
637
11053
8910
354
5411
3440
9357
9931
14394
1378
14352
1931
103
14550
8822
5271
9213
9813
9859
13059
16170
6698
5632
7790
4297
6070
8693
4873
2653
9948
16353
5231
15413
8410
13100
10861
15331
6324
3777
9484
3720
10452
15170
1245
11627
3821
11300
9980
6777
4218
6306
15855
8400
7809
12457
5590
2944
4481
2900
10490
5881
12518
458
12598
4376
3938
1532
598
3788
13666
2749
14817
11058
495
11585
5157
3620
963
12205
5221
2534
4077
380
5062
1686
1225
7436
6421
350
1215
10454
3538
3149
6256
6145
15959
6894
7253
15245
2466
15652
8825
9532
5274
11852
14012
1786
742
7206
6385
1974
6320
4529
5128
15746
534
9521
7071
2983
9174
10559
14737
5500
13867
5247
10256
6914
7463
7968
7793
10668
9122
3230
2141
6071
4737
10410
5910
2831
2126
15427
5172
3321
13023
12954
12421
7625
10538
10080
10868
6709
12483
266
11976
12126
4833
4078
11581
2176
15200
7540
12612
6787
14348
8816
8264
7086
8966
3791
8008
6325
6733
6906
8234
4574
13907
6701
10021
941
6763
15724
15092
14559
7124
2780
7835
12303
7657
8042
12738
5434
12478
2326
12721
14202
10606
7427
16326
9567
466
9239
2895
2682
12087
5425
2909
15934
11187
7050
6334
15072
6718
2886
3997
13989
15031
7402
9283
9510
1853
8044
1558
16154
12103
10884
12431
14086
2959
4945
8975
4781
8610
6344
10308
2632
6795
10740
8427
9181
1770
7705
2167
5273
2301
3414
1924
12672
1675
11674
4939
3914
5749
14218
15500
1318
6687
889
13669
15480
11063
6118
4294
7831
9153
6675
11746
7460
14782
11415
13007
759
2813
12593
4452
3262
12414
5624
3591
7762
2069
2416
1584
12035
9883
3778
516
9596
13504
9559
12331
3840
8305
9279
2865
11869
8141
7465
14513
12065
7628
7903
7805
4588
694
9755
318
4388
8492
9588
5297
1279
4862
14950
878
4868
2339
815
4546
12083
12171
4753
5268
11663
11407
6401
1934
6475
5381
10817
12422
5140
3595
1203
2620
2340
10166
10107
3863
223
8529
12506
14251
7691
1004
1019
6573
13398
2197
3543
1553
4844
4193
13088
15163
12156
1998
2996
10998
13025
7456
4888
13520
15590
1325
7679
13218
7826
8202
8671
6047
10160
15254
14867
5267
6181
16115
12513
4197
65
216
8933
7649
11559
697
10863
4044
14393
12180
3592
15961
60
493
16040
10149
5457
9986
8752
14801
7314
13012
10676
4900
547
6028
2352
2472
12294
16294
11631
8946
12983
12519
3425
14136
16055
3869
13943
15341
11199
8785
1909
1346
14965
7516
12417
2867
6437
9909
11882
638
14415
11440
7550
13431
1991
13730
3292
14622
13194
14088
13165
10524
15028
10657
13874
2919
8550
9635
9019
4380
4024
12124
10283
6127
4598
5328
14834
13181
11139
5279
6504
14118
13560
8624
8397
2359
3684
8723
12577
7863
13751
3934
8890
12066
351
5265
5997
2360
13655
15110
15014
11686
9939
15069
14937
13931
15956
2090
10280
14122
1868
8660
8319
6728
4856
10908
4883
14644
13638
6692
12727
11161
9095
13657
7087
2503
4085
8573
2111
8812
14384
14857
1135
14508
9322
3902
2164
6056
10746
11491
12154
15765
5637
4026
3121
7033
9325
12003
1777
1768
16244
893
1165
10753
9672
9631
6031
12257
10556
9227
1986
10281
6552
11992
1622
5013
12670
4991
7279
16023
9226
15981
7750
217
12996
6201
13829
10443
14433
228
10910
3309
4620
6260
11061
9646
2934
9440
2738
10738
9620
5568
1441
15442
12582
13551
12779
2308
14181
5314
11432
7441
10294
8413
12161
6396
14046
12162
3122
15050
5873
2584
6919
3010
14420
9211
16248
7039
2678
1828
15771
11490
4293
7613
5386
11216
9654
11920
3552
1936
788
2669
6540
10167
7459
13664
10876
8136
8612
655
1486
12283
3805
12878
6941
10090
9733
3153
8604
15971
3526
5573
2475
15528
7380
13231
7843
9063
6719
2926
9012
1241
15777
7733
2911
3710
6130
9200
4498
11639
15555
4726
5631
5639
48
4039
1658
7651
14180
10819
7172
2098
7242
3178
13929
15786
8462
6106
5769
10516
726
1353
4541
3334
399
4909
14179
13840
3184
4775
11967
2423
15938
5913
9993
8766
8399
7017
2407
5475
542
512
11422
5094
6772
6122
12507
5311
13679
4842
2229
15176
14106
11962
7810
8181
5755
14405
2641
4974
5826
10100
231
5190
6634
12494
7190
7753
6165
15884
1688
1256
5783
2446
9605
16022
8208
15068
10031
4758
10700
5916
2502
4451
6972
10191
2832
10840
2121
3970
6576
7412
15131
9232
1505
7316
4462
12982
13368
113
14200
11562
10386
7623
4622
14617
4973
5050
11371
9417
5586
11460
2512
4063
4258
9011
1305
11087
8227
10010
11219
10173
1699
10672
10098
7724
7967
13346
1685
15569
9591
10001
10303
12059
14299
9838
2103
5339
6747
15425
15108
14159
2064
14479
15622
10602
14378
1296
7767
3297
15212
874
14670
660
2656
15662
8925
136
15483
6224
16313
15213
11306
8450
12167
5090
9902
11626
3182
6225
1546
3559
10016
12999
2060
1955
5321
10535
13043
10970
3109
14804
13662
6015
2634
11711
14329
15830
5373
6285
9426
14771
7608
2390
7194
3998
12736
3908
10911
8549
16296
12407
703
15269
13978
14286
8959
5612
4631
2302
11140
10111
6775
10183
9413
15
14468
1126
8157
12840
3872
9546
9783
2992
10129
9002
406
4563
13352
12748
2376
15257
11813
11027
8689
14635
16157
4716
15491
5472
1421
8680
5600
16304
11738
4224
10914
3658
5319
3445
15445
6153
4632
13477
9732
13271
11902
3689
15253
12256
241
14429
8809
4181
8922
5096
5924
10785
9555
7848
14840
2492
2672
669
15978
2961
11515
12436
5322
9488
11189
8034
12958
1910
9219
1683
16270
9932
11699
15943
15805
11495
11611
8967
1270
10337
14912
2175
4740
15509
453
13848
13953
14872
1536
8515
13927
4354
9021
12655
15323
13877
5894
11142
10037
7367
14799
10219
14383
9750
9110
13295
13591
9624
15499
15300
3965
13219
3177
4131
7854
8634
4315
6837
10276
10572
3328
2782
9044
2037
3675
8981
13119
6766
12137
13545
2663
1806
2014
14178
77
7672
13383
5509
16206
4489
13019
6915
1511
2133
14614
5683
369
1519
4366
1115
9989
13805
9606
10631
15315
604
6689
11205
16291
3890
2515
524
3179
14753
3534
12408
13474
12062
205
12266
2404
13880
13419
623
1796
8070
13825
4635
10792
11974
6884
5070
16331
4485
15919
2142
8866
10655
1800
7219
5220
16017
4936
8262
7461
13046
7145
8241
15752
9617
14620
12538
11110
8849
172
9116
12574
9312
13819
8921
9261
5660
4173
10375
12897
13103
11761
7431
13862
13580
12198
4000
15845
13771
1852
14873
5210
9849
5790
4419
9000
12497
9359
7042
11679
14624
4898
117
15304
12060
10082
5160
9148
15713
10902
13776
8622
15824
12784
7584
13349
6180
14371
5324
2294
2336
14292
13649
10771
7640
705
9603
2497
11012
9891
506
6133
11716
10235
1695
5417
12011
3287
12401
2812
13758
3705
4584
11955
14162
14997
6091
13711
4006
15372
13342
4938
3844
7829
13910
6116
9300
7327
5402
5891
14307
7301
1857
3066
12363
14435
15236
4993
2510
7195
16120
8309
3057
1295
10398
12441
6046
11629
13914
7011
11109
16007
6523
615
7144
12545
15196
8299
3827
2927
2255
6482
3883
15698
9878
9714
14565
1662
7245
6134
8564
771
13459
16292
338
7556
8917
9369
16109
12972
5250
6648
13724
6232
14188
11618
16067
3087
8059
7905
3775
14341
8358
6629
1298
15167
8980
4277
987
2857
15518
6690
15420
3
6407
12280
1414
14570
11814
8710
11293
11508
10997
1017
13426
14511
14901
14427
12021
16000
7009
8989
10939
11934
3956
6564
1222
15763
1539
6748
10456
9343
13738
15540
6708
5880
13843
3585
15362
12856
3406
10272
6758
13370
6202
11194
12323
9277
6730
14478
4155
5953
1038
11595
14450
123
72
15849
5463
7225
5350
15769
11301
13694
7003
5888
10225
15151
7127
12602
8540
16236
7642
1362
476
5513
2177
14058
8736
13688
8543
6343
6235
10814
6568
7510
9979
16193
6465
8650
3623
14730
2271
8642
7787
360
986
6885
6099
12780
1680
8782
15418
9844
11644
5633
15165
4769
2860
6560
9597
13650
4148
12643
5821
10528
1496
15312
14413
15832
7452
12028
8771
13988
15008
2042
13135
14981
10612
10095
4670
13060
13399
6528
11599
7403
6073
9064
13586
13762
13146
1506
13061
11471
10703
9351
2322
10102
12014
5699
11914
10656
12705
12403
6755
999
4687
12689
12085
954
15918
8478
1642
4470
14142
3966
8271
7199
7366
6148
7794
11417
1024
10416
3208
9999
9977
4448
12026
8060
12717
4801
14494
2643
674
9185
7886
15859
2183
7267
8665
6530
2116
11601
11677
3171
15545
535
10500
7157
911
15471
16376
10549
428
15634
611
16080
6157
15441
9810
4133
1186
9158
632
15641
5547
2150
7006
6038
13275
7638
5798
12753
8372
6599
417
14490
10306
10277
14445
11731
14535
5412
11268
14001
4135
7919
8005
1159
8103
16372
5650
6449
2989
6183
5229
183
7310
3873
6208
6365
9198
3853
140
14113
4088
14316
8695
15710
6548
586
4688
861
6443
7746
8083
2486
1963
12950
12121
15952
14327
16156
8323
6311
7867
6120
12056
8396
14403
3897
9442
9785
7376
11561
7271
11998
3055
13397
2975
16314
9629
8568
13048
6391
15417
4655
209
4611
15261
7434
8143
10885
7732
4959
13709
14849
7973
7812
8685
1475
14206
8592
12301
12926
4640
5395
12409
12512
2539
7615
993
2943
15177
8316
16259
14000
13458
10613
1372
193
15218
14604
14114
8754
508
10639
15487
16031
7407
4314
8135
7323
15983
6171
3097
9548
6231
2094
14940
3212
2105
1235
7988
10955
10622
6912
6616
10709
4221
11328
2592
12733
7777
14751
1502
685
14943
7949
4572
8437
324
2387
376
10962
10599
566
11531
8667
8406
8267
420
8331
8322
14217
3391
2395
401
13193
15904
7317
5418
4369
4785
12128
14974
1841
7979
10776
9817
6499
12575
11493
7119
8994
4711
6888
6669
8790
10022
4172
4138
5398
3852
12074
16357
4689
7586
12368
3999
4644
1099
1758
11913
919
15432
7568
10687
8024
9015
13502
4180
14287
14458
213
8602
12396
9623
9746
13021
13156
5053
10961
14319
4763
6908
10906
14694
3089
12587
15380
570
1840
732
747
2152
16374
16286
2536
15290
8630
16002
3649
982
14005
15812
946
1252
1941
7365
4966
15168
56
4970
10382
2323
11271
2027
605
6000
3233
11469
13715
152
6686
13014
14485
7799
7766
8865
2415
13449
3218
11298
2519
15301
2425
15798
14695
2496
11927
3878
2419
9660
13416
12650
7824
12637
724
4321
186
4937
10401
12523
9389
6360
11396
11137
15621
588
15012
4346
10348
1961
3762
13802
4051
2062
2686
2460
8793
8603
240
1487
1932
11100
4802
4253
11004
13369
3703
14198
15198
3428
1875
432
4717
13648
5954
5872
4748
15495
4528
10043
4450
8741
1630
1040
3060
6405
6253
6018
10426
13681
5392
15162
251
3458
7091
13054
6005
5269
1009
9638
15902
12648
5058
10134
2681
1393
12329
1039
6061
3464
15609
13522
3628
16242
6681
11275
2615
4004
6567
9922
12381
15577
5497
12508
15219
12886
14519
5310
13624
8142
14705
5824
3382
14448
7811
3488
3390
15188
1438
3449
6947
3034
13187
15337
14002
2009
3833
6222
11545
7179
4041
14143
8439
12253
1973
11569
11836
1920
9502
13262
12160
4899
8489
890
7120
3069
13247
10293
9662
13134
4383
14594
1460
526
15725
12777
11876
3823
14279
14092
358
3570
6053
13435
3802
785
13615
9812
2675
13618
5583
2379
7312
149
4759
14835
9062
8337
13036
3672
7092
576
10985
3801
657
12153
3281
8014
3520
11367
11266
10919
12262
1074
11289
5016
12217
10685
8359
1607
5143
11040
13526
12807
7079
13836
14419
16050
596
5447
8263
14425
8783
6377
8633
8012
15908
3298
6761
522
2791
12638
9247
2637
9328
13796
9105
13794
11619
6522
10889
5829
1055
10255
8561
1452
9059
2071
16150
11299
14195
13744
4812
4657
383
7553
6997
673
5580
4742
1209
11795
10587
9460
8770
12341
6447
9649
15821
16358
1143
1549
14945
10878
8197
13900
11709
5275
8179
2093
16354
11272
10596
5495
109
13098
10089
12990
8050
1480
4079
8661
931
13912
3811
3242
2013
868
6600
2893
12322
2391
14831
5725
12250
5170
4799
6526
12576
15833
13663
2662
5771
12936
1510
8362
3063
11959
15835
9139
12367
5057
7801
3797
6834
14742
2514
13890
15415
5778
2343
11729
549
7400
6303
7607
15517
12962
14409
2603
5847
10233
2933
6542
8495
13683
7175
11361
10620
13754
11105
13537
11968
14708
16103
3134
4062
5975
15199
178
1045
15276
9851
3376
2599
13627
7121
12114
8833
15249
13211
15146
2645
12841
1815
16322
8544
12388
10355
13676
7921
12340
9575
11077
11369
14733
1056
4305
2692
6546
15272
7907
1588
16272
9915
9700
6266
6172
13964
7335
16203
1394
14232
6936
13385
10361
15227
11316
7474
10494
5448
15112
2279
7184
5471
13572
14220
471
8110
12787
5406
9908
2036
6898
6615
14643
903
9029
14209
1146
15661
810
9598
8923
6683
13719
14428
2269
11760
13392
1831
13322
4692
15687
11294
12911
7882
14757
5148
2501
8017
12970
6935
11975
1618
8023
184
11073
9679
2115
4790
10251
7295
2859
15873
6516
10451
460
798
7125
10594
2313
1533
15446
12565
4580
1897
8901
537
4206
14090
10534
13429
11331
12206
942
5219
11981
792
10739
2436
11712
3427
9978
16284
7530
9476
1704
5571
12326
15061
10221
1066
9009
12694
12309
11673
14204
14421
11614
374
14808
5173
1636
12469
10353
15226
8840
5504
3165
12279
11111
7451
9412
11623
1778
12772
8312
14505
15889
7658
6873
118
3402
7398
902
7386
13343
12874
9469
11982
9047
11192
9289
10533
255
12728
10532
4036
13583
12952
4902
6252
3858
4754
11075
7095
7449
10192
12427
14239
3031
12244
3216
11810
15644
12420
1266
2948
14213
6423
15567
6649
2837
9427
12873
8326
15342
10181
4690
3259
11024
6487
13856
12155
13145
5761
507
4527
2819
9696
146
15705
872
2932
7783
8827
4438
6146
13499
11773
5287
3279
11290
13371
13353
1132
4142
9033
11148
3531
970
2462
9235
181
15411
116
553
10581
12139
883
8563
9392
15544
5855
10136
7058
2758
1450
2432
6281
3653
13434
7933
7293
2344
10397
16077
4212
13317
12101
7280
15294
520
14389
9659
15992
2800
4411
7298
12771
12485
6187
248
6551
12739
15800
5544
5453
12680
4948
13652
5466
8115
4569
9444
263
14766
10511
15250
13185
9917
13405
10922
12869
5927
9886
13587
11910
10320
8423
8176
624
721
5323
7916
4227
3865
14082
5841
7543
16020
3627
5640
5087
1201
11574
13518
8464
5691
16195
4638
12333
13104
8201
12030
6474
6206
3064
5260
11635
3723
7631
2102
6520
4591
12278
10829
12872
786
6869
12652
4756
9534
5993
2382
6262
15217
6382
14838
7128
4188
8511
13268
1563
13138
13292
6287
9691
7415
6067
2320
9330
9921
8879
12688
12977
7012
1095
8167
16172
12220
12116
5002
4244
4368
4420
11071
9205
7268
15667
14927
6838
1999
11753
10513
8222
7325
7662
13517
14528
1435
353
4600
5976
1507
14721
15788
11098
13122
2054
12042
7963
5862
1430
1887
3076
13859
16073
831
9384
5091
8528
13169
13855
10835
14215
15475
167
10030
14596
4291
11467
585
15643
13278
6859
15672
7781
7993
8093
11792
15554
11118
8052
3905
484
7420
322
15322
14484
5012
6471
9729
15223
177
6835
3768
57
2193
14661
12757
15043
8843
13225
1560
1354
10439
10237
12364
2087
12740
4205
14288
8536
3662
5388
10595
5687
15553
15649
4619
8560
1526
2023
2999
16211
10171
13533
6480
10852
9972
2578
16018
2890
5445
8828
10543
4109
6508
7443
3374
11823
10688
119
8000
14093
16085
11706
9457
5689
5258
9837
6674
11544
15107
14923
7167
10843
11993
4652
12750
421
12836
15674
11403
5909
1754
4345
1919
8405
10400
12444
6691
15002
9856
9667
8085
13675
2918
268
13909
6131
9302
3436
7053
7106
11539
1220
8308
6603
14145
7998
10912
14382
4132
6263
4683
16247
10774
5607
7606
10987
6938
3837
12937
16299
5003
12252
16010
10197
15128
11193
11592
10204
2582
7897
13360
1972
6759
3557
14390
3757
16051
13172
11683
2868
15844
14951
13151
13918
14349
10641
4468
12037
15113
9094
8805
8802
9083
11243
13884
13974
124
11102
2709
6221
8471
1367
12223
10321
4557
14810
6223
7694
4067
1599
15152
13945
2670
8391
14022
5327
13300
12504
13063
6587
13814
11642
13528
924
14793
12722
14674
5958
14589
8505
1649
9526
6016
7779
4667
8875
8526
16334
9997
14985
7122
10857
9058
5831
13601
16221
6966
8465
12924
5085
1461
3517
1898
5837
8096
7309
972
4645
10640
2714
7487
1388
14572
1173
7394
12358
6189
13959
1896
346
4803
12343
16130
302
6277
11342
2951
10126
7197
16301
5335
548
6147
663
15701
9647
15397
15718
2827
3355
3947
12714
2467
13505
4556
7898
11176
9166
4819
4919
7923
2642
2139
2354
11827
7448
2252
4835
326
9898
12609
5086
2648
12416
6762
435
8327
9846
14547
3506
9010
5429
14315
2453
12665
649
2894
15838
1555
4532
10275
3992
4920
4880
12159
11377
13468
804
3410
15685
10789
12737
486
1032
11264
8232
15635
8789
1872
15578
2785
7582
13561
9722
4863
11908
7360
3070
13141
